1894_0.jpg	1894_0.jpg	1894_0.jpg	51,47,45	87,88,86	110,112,110	121,124,131	127,129,129	138,139,141	160,165,181	179,182,203	
1895_0.jpg	1895_0.jpg	1895_0.jpg	37,25,24	87,59,47	105,88,88	134,88,57	147,111,95	160,131,121	164,147,153	226,206,198	
1895_1.jpg	1895_1.jpg	1895_1.jpg	48,34,46	80,51,58	98,80,88	144,120,130	160,97,85	167,67,57	185,141,112	217,191,179	
1901_0.jpg	1901_0.jpg	1901_0.jpg	45,46,55	100,96,91	115,139,129	156,101,88	157,175,152	165,154,100	193,202,176	199,170,90	
1901_1.jpg	1901_1.jpg	1901_1.jpg	45,46,48	71,66,61	98,97,94	121,134,137	124,129,123	135,112,97	148,157,153	205,214,205	
1901_2.jpg	1901_2.jpg	1901_2.jpg	37,30,34	61,62,72	84,87,94	114,130,120	145,114,64	162,147,77	171,169,147	199,192,169	
1901_3.jpg	1901_3.jpg	1901_3.jpg	10,21,51	15,34,72	53,87,110	53,113,143	60,131,151	72,120,148	79,132,159	180,177,181	
1902_0.jpg	1902_0.jpg	1902_0.jpg	21,38,37	44,79,78	86,112,100	96,133,120	101,145,140	146,137,107	175,184,168	223,230,223	
1902_1.jpg	1902_1.jpg	1902_1.jpg	12,24,44	23,50,80	44,76,106	56,103,141	77,112,147	80,90,108	97,136,165	219,216,214	
1903_0.jpg	1903_0.jpg	1903_0.jpg	12,24,44	23,50,80	44,76,106	56,103,141	77,112,147	80,90,108	97,136,165	219,216,214	
1903_1.jpg	1903_1.jpg	1903_1.jpg	90,69,73	98,113,142	146,111,104	155,130,130	167,148,153	205,170,161	217,194,188	240,220,210	
1904_0.jpg	1904_0.jpg	1904_0.jpg	2,11,51	3,5,29	5,84,143	7,33,83	9,101,153	17,73,120	80,117,149	149,190,210	
1905_0.jpg	1905_0.jpg	1905_0.jpg	17,12,8	93,74,54	142,115,87	184,151,115	211,176,140	229,204,176	236,200,156	244,212,172	
1905_1.jpg	1905_1.jpg	1905_1.jpg	147,139,116	186,178,162	210,202,183	220,212,198	224,213,191	229,220,208	236,227,218	241,233,227	
1906_0.jpg	1906_0.jpg	1906_0.jpg	100,27,17	189,64,42	191,172,144	214,109,81	221,143,109	232,179,152	240,203,179	245,218,200	
1906_1.jpg	1906_1.jpg	1906_1.jpg	91,73,80	144,116,114	146,125,131	171,155,165	190,178,194	203,175,175	204,186,199	226,204,213	
1906_2.jpg	1906_2.jpg	1906_2.jpg	104,63,70	148,60,53	157,123,133	166,95,90	175,141,148	192,129,120	200,110,98	221,188,195	
1906_3.jpg	1906_3.jpg	1906_3.jpg	44,93,142	53,50,83	95,114,144	104,86,107	113,137,166	135,114,133	161,157,171	201,192,204	
1906_4.jpg	1906_4.jpg	1906_4.jpg	84,50,37	177,101,71	178,150,137	186,134,108	209,144,114	233,176,152	246,200,177	251,218,204	
1906_5.jpg	1906_5.jpg	1906_5.jpg	77,72,86	130,120,134	147,139,151	168,154,168	171,157,170	194,159,161	201,173,179	212,190,204	
1906_6.jpg	1906_6.jpg	1906_6.jpg	88,70,63	106,123,146	140,82,52	148,114,90	166,134,111	169,158,153	201,157,115	212,199,194	
1906_7.jpg	1906_7.jpg	1906_7.jpg	79,56,50	140,80,59	143,124,128	156,111,92	176,135,118	180,151,142	204,169,161	226,202,201	
1907_0.jpg	1907_0.jpg	1907_0.jpg	95,72,51	139,96,55	149,117,85	177,141,102	197,154,110	199,172,149	208,166,119	209,174,140	
1907_1.jpg	1907_1.jpg	1907_1.jpg	96,63,50	114,79,52	124,124,137	134,90,57	147,112,78	158,120,89	167,133,102	179,170,178	
1907_10.jpg	1907_10.jpg	1907_10.jpg	44,93,142	53,50,83	95,114,144	104,86,107	113,137,166	135,114,133	161,157,171	201,192,204	
1907_11.jpg	1907_11.jpg	1907_11.jpg	36,26,26	72,67,67	82,45,33	102,92,85	109,131,141	148,106,83	179,145,113	208,193,174	
1907_2.jpg	1907_2.jpg	1907_2.jpg	21,33,28	87,89,76	119,135,117	122,140,133	155,64,68	159,156,108	161,170,152	199,206,187	
1907_3.jpg	1907_3.jpg	1907_3.jpg	28,20,35	85,74,85	134,122,133	156,111,106	170,156,165	199,186,202	200,176,183	216,206,217	
1907_4.jpg	1907_4.jpg	1907_4.jpg	20,20,43	69,68,93	104,111,141	136,113,130	162,156,173	175,178,202	199,175,186	218,214,227	
1907_5.jpg	1907_5.jpg	1907_5.jpg	74,63,75	131,119,131	164,155,169	186,181,198	196,188,202	197,178,185	207,200,214	225,220,235	
1907_6.jpg	1907_6.jpg	1907_6.jpg	73,63,80	135,118,132	143,122,136	152,109,109	171,151,159	197,186,199	201,168,170	213,205,218	
1907_7.jpg	1907_7.jpg	1907_7.jpg	86,70,78	140,113,117	143,122,134	174,156,166	192,176,190	199,186,203	209,199,215	223,214,231	
1907_8.jpg	1907_8.jpg	1907_8.jpg	80,79,77	129,128,126	165,164,161	215,214,211	233,233,231	
1907_9.jpg	1907_9.jpg	1907_9.jpg	45,35,28	54,53,51	62,64,63	75,56,50	79,67,59	88,86,83	136,129,121	201,198,193	
1908_0.jpg	1908_0.jpg	1908_0.jpg	54,57,81	63,103,143	100,82,94	152,102,103	168,148,154	170,131,129	176,98,92	217,190,186	
1908_1.jpg	1908_1.jpg	1908_1.jpg	40,38,35	48,76,65	83,51,38	105,74,54	110,92,75	137,82,54	149,108,80	181,146,112	
1908_2.jpg	1908_2.jpg	1908_2.jpg	23,25,42	60,60,69	97,135,145	97,87,92	159,104,89	171,92,68	201,144,108	219,193,179	
1908_3.jpg	1908_3.jpg	1908_3.jpg	38,55,28	54,76,44	82,97,50	92,111,75	115,138,86	151,160,93	184,177,86	185,194,134	
1908_4.jpg	1908_4.jpg	1908_4.jpg	36,26,26	72,67,67	82,45,33	102,92,85	109,131,141	148,106,83	179,145,113	208,193,174	
1908_5.jpg	1908_5.jpg	1908_5.jpg	30,37,35	66,72,58	94,103,84	132,125,94	159,148,107	212,168,103	213,200,164	239,200,115	
1908_6.jpg	1908_6.jpg	1908_6.jpg	29,23,36	49,52,74	77,61,71	82,49,50	91,80,88	147,120,108	208,192,169	242,233,219	
1908_7.jpg	1908_7.jpg	1908_7.jpg	17,45,92	39,79,109	47,103,158	83,88,100	100,158,197	147,110,107	153,130,126	188,186,184	
1908_8.jpg	1908_8.jpg	1908_8.jpg	46,54,66	82,121,134	93,93,99	102,143,152	148,105,104	149,130,125	160,159,159	214,197,191	
1909_0.jpg	1909_0.jpg	1909_0.jpg	58,44,48	105,89,91	137,92,59	137,116,111	150,130,125	173,157,155	198,182,179	222,207,202	
1909_1.jpg	1909_1.jpg	1909_1.jpg	122,105,106	143,115,108	161,146,151	171,156,164	183,168,177	196,178,185	199,185,197	206,195,208	
1909_2.jpg	1909_2.jpg	1909_2.jpg	47,71,41	91,97,51	95,113,75	118,136,92	140,120,59	155,154,94	188,196,143	199,173,90	
1910_0.jpg	1910_0.jpg	1910_0.jpg	122,105,106	143,115,108	161,146,151	171,156,164	183,168,177	196,178,185	199,185,197	206,195,208	
1911_0.jpg	1911_0.jpg	1911_0.jpg	60,58,47	102,99,84	125,130,121	138,120,90	163,144,110	200,169,119	200,183,150	227,208,169	
1911_1.jpg	1911_1.jpg	1911_1.jpg	89,71,45	138,99,52	142,117,82	170,145,107	182,165,140	196,164,120	200,180,153	217,200,176	
1911_2.jpg	1911_2.jpg	1911_2.jpg	75,67,48	114,110,95	126,129,121	132,123,104	144,137,118	167,162,145	201,193,171	238,237,226	
1911_3.jpg	1911_3.jpg	1911_3.jpg	55,50,58	99,93,102	129,123,132	134,121,120	163,151,155	199,183,181	204,190,192	227,214,215	
1911_4.jpg	1911_4.jpg	1911_4.jpg	50,45,55	96,89,99	122,118,131	133,124,134	138,122,119	164,155,161	197,186,190	224,215,219	
1912_0.jpg	1912_0.jpg	1912_0.jpg	35,27,36	70,54,59	98,86,92	135,123,131	138,113,111	171,161,168	195,184,192	217,211,217	
1912_1.jpg	1912_1.jpg	1912_1.jpg	67,47,44	106,91,93	129,121,134	147,113,96	172,154,152	189,148,113	208,178,159	221,203,197	
1913_0.jpg	1913_0.jpg	1913_0.jpg	44,40,33	137,119,95	182,161,117	194,172,123	206,185,153	217,197,168	220,214,203	225,203,171	
1913_1.jpg	1913_1.jpg	1913_1.jpg	23,25,22	38,38,35	86,70,53	91,92,89	154,110,80	157,155,157	164,136,113	230,226,224	
1914_0.jpg	1914_0.jpg	1914_0.jpg	29,30,45	55,59,78	93,96,103	112,141,140	117,119,126	151,158,163	195,190,191	234,228,229	
1914_1.jpg	1914_1.jpg	1914_1.jpg	17,18,34	44,60,84	98,95,103	132,125,131	144,112,101	155,151,156	191,184,190	228,227,234	
1914_10.jpg	1914_10.jpg	1914_10.jpg	69,49,28	103,79,46	142,105,52	144,119,82	166,144,102	172,150,108	195,168,113	204,183,137	
1914_2.jpg	1914_2.jpg	1914_2.jpg	92,75,77	107,108,135	149,117,103	180,141,116	182,157,150	195,150,122	199,163,144	233,219,222	
1914_3.jpg	1914_3.jpg	1914_3.jpg	55,44,47	120,112,137	135,123,146	153,140,162	155,117,105	225,160,112	232,186,151	243,231,232	
1914_4.jpg	1914_4.jpg	1914_4.jpg	26,31,36	60,80,133	67,65,67	81,93,136	102,94,89	138,112,84	145,132,102	185,178,181	
1914_5.jpg	1914_5.jpg	1914_5.jpg	42,40,43	59,61,77	74,53,47	96,74,55	101,91,86	133,122,117	138,129,125	178,175,176	
1914_6.jpg	1914_6.jpg	1914_6.jpg	35,39,35	67,73,56	89,112,87	91,99,85	105,119,101	109,131,106	136,131,116	178,184,174	
1914_7.jpg	1914_7.jpg	1914_7.jpg	36,26,25	78,59,52	109,100,96	124,130,125	134,119,115	140,131,124	166,154,153	230,211,215	
1914_8.jpg	1914_8.jpg	1914_8.jpg	35,24,30	73,57,57	98,90,93	130,127,135	144,111,96	162,149,154	208,181,169	238,230,227	
1914_9.jpg	1914_9.jpg	1914_9.jpg	103,94,99	132,122,134	164,155,167	191,180,192	199,187,200	209,200,214	220,212,227	228,219,234	
1916_0.jpg	1916_0.jpg	1916_0.jpg	53,56,70	100,95,100	106,125,137	143,111,103	157,146,116	171,166,146	218,209,174	219,213,184	
1916_1.jpg	1916_1.jpg	1916_1.jpg	37,38,33	56,84,103	77,94,101	78,46,36	98,77,51	141,111,76	157,148,100	208,189,149	
1917_0.jpg	1917_0.jpg	1917_0.jpg	67,50,51	130,125,134	148,109,89	169,159,162	173,140,113	204,186,175	210,206,213	225,224,233	
1917_1.jpg	1917_1.jpg	1917_1.jpg	85,55,62	103,94,99	133,127,131	140,108,108	166,159,162	197,189,194	199,180,178	211,204,207	
1917_2.jpg	1917_2.jpg	1917_2.jpg	47,40,52	94,88,102	133,122,128	165,153,155	195,188,199	206,183,172	220,196,185	227,209,205	
1918_0.jpg	1918_0.jpg	1918_0.jpg	14,11,16	39,31,34	100,64,51	117,130,118	161,145,116	167,84,61	188,176,160	227,217,207	
1918_1.jpg	1918_1.jpg	1918_1.jpg	49,50,60	123,136,161	173,164,166	199,184,176	199,188,196	203,195,185	213,204,209	227,220,227	
1918_2.jpg	1918_2.jpg	1918_2.jpg	45,38,34	114,107,98	131,123,114	140,133,122	171,162,121	171,163,149	198,189,176	223,214,209	
1918_3.jpg	1918_3.jpg	1918_3.jpg	66,53,49	95,98,88	154,102,108	164,113,139	166,166,166	201,194,191	205,179,173	222,215,211	
1919_0.jpg	1919_0.jpg	1919_0.jpg	29,33,31	61,67,64	96,100,93	131,134,121	153,156,148	177,178,171	193,194,188	208,210,205	
1919_1.jpg	1919_1.jpg	1919_1.jpg	30,27,37	92,70,68	122,128,139	163,96,82	169,72,55	185,153,116	190,179,166	238,236,233	
1919_2.jpg	1919_2.jpg	1919_2.jpg	42,20,15	91,42,24	112,76,52	166,75,46	180,143,100	206,163,112	215,179,139	228,200,164	
1919_3.jpg	1919_3.jpg	1919_3.jpg	103,97,77	134,122,91	160,147,112	181,178,163	195,188,169	198,177,111	205,199,179	223,221,208	
1919_4.jpg	1919_4.jpg	1919_4.jpg	4,4,4	90,56,51	113,98,99	149,109,104	162,145,146	166,97,88	167,137,123	217,194,192	
1920_0.jpg	1920_0.jpg	1920_0.jpg	92,83,65	134,122,101	151,139,117	184,172,150	217,204,181	232,219,200	241,230,211	247,240,223	
1920_1.jpg	1920_1.jpg	1920_1.jpg	56,55,73	58,49,60	76,72,85	106,94,103	139,123,132	140,111,114	163,148,157	216,202,210	
1920_2.jpg	1920_2.jpg	1920_2.jpg	27,27,26	87,73,70	110,119,145	147,98,83	168,161,153	174,142,111	187,149,59	215,207,207	
1920_3.jpg	1920_3.jpg	1920_3.jpg	69,41,31	150,126,132	154,108,93	170,146,146	190,145,117	212,171,151	236,206,175	249,223,198	
1920_4.jpg	1920_4.jpg	1920_4.jpg	2,3,3	43,41,43	95,82,92	129,124,140	160,157,169	161,88,93	205,186,189	231,217,215	
1920_5.jpg	1920_5.jpg	1920_5.jpg	33,21,27	82,44,46	84,60,68	104,86,93	137,127,128	142,95,96	163,154,164	204,198,206	
1921_0.jpg	1921_0.jpg	1921_0.jpg	99,61,43	180,104,69	186,164,167	196,145,105	212,177,164	229,199,183	234,220,222	236,212,208	
1921_1.jpg	1921_1.jpg	1921_1.jpg	60,42,52	101,84,92	110,115,147	131,128,155	138,111,114	159,150,167	173,178,202	207,196,209	
1921_10.jpg	1921_10.jpg	1921_10.jpg	31,34,37	92,77,76	123,134,139	143,128,127	147,152,157	152,109,104	217,179,172	241,226,215	
1921_2.jpg	1921_2.jpg	1921_2.jpg	112,100,64	135,121,82	171,154,109	184,172,136	198,177,122	202,184,138	211,193,127	230,211,158	
1921_3.jpg	1921_3.jpg	1921_3.jpg	85,55,57	86,52,53	108,82,85	132,67,57	140,102,99	146,125,130	168,152,157	214,196,202	
1921_4.jpg	1921_4.jpg	1921_4.jpg	123,55,48	148,63,51	172,98,89	200,116,105	204,134,121	217,177,172	221,166,159	244,219,220	
1921_5.jpg	1921_5.jpg	1921_5.jpg	110,112,109	127,130,126	167,168,164	191,192,186	196,196,189	210,210,205	227,225,220	238,237,232	
1921_6.jpg	1921_6.jpg	1921_6.jpg	70,64,61	188,173,171	195,166,156	202,184,183	207,189,194	217,201,205	226,210,215	235,220,226	
1921_7.jpg	1921_7.jpg	1921_7.jpg	95,68,63	146,108,100	160,128,127	177,152,161	190,183,197	201,171,178	208,185,199	225,215,229	
1921_8.jpg	1921_8.jpg	1921_8.jpg	79,49,46	145,69,58	150,109,106	162,130,124	175,150,151	208,190,194	208,172,170	225,210,213	
1921_9.jpg	1921_9.jpg	1921_9.jpg	50,44,60	94,89,100	106,118,136	120,137,152	144,110,111	153,152,161	154,131,122	222,195,201	
1922_0.jpg	1922_0.jpg	1922_0.jpg	80,58,36	117,119,134	146,110,69	175,149,100	188,174,156	210,173,108	213,184,141	232,205,155	
1922_1.jpg	1922_1.jpg	1922_1.jpg	62,45,54	107,88,95	114,112,144	136,121,141	140,112,110	142,134,143	160,150,162	207,188,192	
1922_2.jpg	1922_2.jpg	1922_2.jpg	47,92,181	71,59,75	88,111,172	109,138,202	112,133,183	147,107,118	167,156,164	194,183,201	
1922_3.jpg	1922_3.jpg	1922_3.jpg	86,89,114	105,112,143	147,117,132	166,144,156	196,184,196	203,166,174	214,184,200	225,204,217	
1923_0.jpg	1923_0.jpg	1923_0.jpg	26,39,45	51,64,67	75,41,42	102,89,89	144,116,113	171,158,158	206,187,176	224,227,238	
1923_1.jpg	1923_1.jpg	1923_1.jpg	83,83,78	134,131,122	167,167,161	193,190,183	200,198,187	212,212,205	229,226,217	240,239,234	
1923_2.jpg	1923_2.jpg	1923_2.jpg	97,73,73	140,83,53	146,109,105	146,125,130	170,153,158	203,177,181	213,188,194	224,207,210	
1923_3.jpg	1923_3.jpg	1923_3.jpg	96,66,66	97,112,151	120,143,183	152,106,101	167,130,129	188,108,105	191,168,171	216,171,158	
1924_0.jpg	1924_0.jpg	1924_0.jpg	12,15,19	25,31,37	42,45,48	78,79,78	138,135,121	186,181,163	237,230,211	238,232,218	
1924_1.jpg	1924_1.jpg	1924_1.jpg	51,52,65	87,85,92	114,108,112	131,126,130	134,121,122	146,137,139	170,157,158	203,190,188	
1924_2.jpg	1924_2.jpg	1924_2.jpg	76,64,52	141,115,100	175,156,153	177,149,111	211,180,158	220,196,171	232,203,180	242,216,199	
1925_0.jpg	1925_0.jpg	1925_0.jpg	27,39,42	46,61,66	56,71,74	91,102,103	119,127,128	123,133,134	156,164,165	207,213,216	
1925_1.jpg	1925_1.jpg	1925_1.jpg	14,23,34	95,57,62	135,125,133	156,53,64	165,79,85	174,165,174	212,207,216	228,218,223	
1925_2.jpg	1925_2.jpg	1925_2.jpg	17,16,25	86,66,71	109,117,148	146,65,54	148,97,92	173,142,112	190,184,179	232,225,224	
1925_3.jpg	1925_3.jpg	1925_3.jpg	33,24,23	80,52,49	100,91,90	133,125,138	156,103,99	168,159,113	191,174,168	229,225,224	
1926_0.jpg	1926_0.jpg	1926_0.jpg	23,28,33	57,65,69	97,101,101	124,131,134	127,129,125	156,159,157	191,192,191	221,222,226	
1926_1.jpg	1926_1.jpg	1926_1.jpg	57,54,39	107,107,98	130,125,112	138,135,121	158,156,145	195,189,169	207,203,183	226,224,210	
1926_2.jpg	1926_2.jpg	1926_2.jpg	15,20,40	42,49,73	61,67,89	82,86,105	113,119,144	152,157,178	169,175,200	211,209,221	
1927_0.jpg	1927_0.jpg	1927_0.jpg	20,20,23	96,90,91	145,127,114	173,166,167	205,192,187	205,183,161	211,204,207	232,224,226	
1927_1.jpg	1927_1.jpg	1927_1.jpg	80,77,79	132,126,124	166,163,168	194,189,194	213,209,211	227,220,220	241,231,215	243,239,241	
1927_2.jpg	1927_2.jpg	1927_2.jpg	95,84,81	143,121,109	177,164,163	199,184,183	201,173,154	202,190,192	214,207,210	231,223,226	
1927_3.jpg	1927_3.jpg	1927_3.jpg	41,39,46	84,97,137	104,99,106	148,90,86	175,169,164	195,175,70	211,207,207	230,222,225	
1927_4.jpg	1927_4.jpg	1927_4.jpg	70,52,59	144,106,102	146,118,118	147,125,131	154,132,137	155,129,126	165,142,145	210,172,170	
1927_5.jpg	1927_5.jpg	1927_5.jpg	45,50,75	56,41,60	85,80,100	113,115,142	126,129,155	135,69,76	143,142,169	202,193,211	
1928_0.jpg	1928_0.jpg	1928_0.jpg	92,73,80	121,119,135	156,131,131	158,50,48	163,155,162	201,186,192	206,179,178	228,217,223	
1928_1.jpg	1928_1.jpg	1928_1.jpg	34,32,37	61,59,65	92,89,97	136,129,120	163,159,157	222,208,184	227,219,207	243,239,238	
1928_10.jpg	1928_10.jpg	1928_10.jpg	61,63,52	95,149,171	103,168,198	161,146,120	183,207,205	184,181,162	210,224,218	232,208,168	
1928_2.jpg	1928_2.jpg	1928_2.jpg	50,76,108	89,71,68	141,84,51	152,99,61	153,106,72	154,132,115	159,109,76	227,220,215	
1928_3.jpg	1928_3.jpg	1928_3.jpg	122,130,141	156,155,161	174,184,196	177,175,178	185,141,118	192,195,199	199,175,164	203,203,207	
1928_4.jpg	1928_4.jpg	1928_4.jpg	77,67,56	94,90,87	128,135,134	161,164,161	170,147,118	183,190,188	196,158,123	207,210,206	
1928_5.jpg	1928_5.jpg	1928_5.jpg	64,59,57	96,120,144	112,138,166	143,131,117	158,160,168	171,183,206	196,192,196	216,214,222	
1928_6.jpg	1928_6.jpg	1928_6.jpg	78,72,65	119,136,154	127,123,116	161,141,111	164,162,161	197,181,167	205,202,198	207,199,185	
1928_7.jpg	1928_7.jpg	1928_7.jpg	70,52,59	144,106,102	146,118,118	147,125,131	154,132,137	155,129,126	165,142,145	210,172,170	
1928_8.jpg	1928_8.jpg	1928_8.jpg	123,113,101	160,180,203	165,163,160	184,195,209	207,182,154	208,207,212	215,198,177	225,221,225	
1928_9.jpg	1928_9.jpg	1928_9.jpg	38,38,38	81,63,53	94,93,93	133,115,106	165,162,168	193,187,189	225,218,211	250,245,238	
1929_0.jpg	1929_0.jpg	1929_0.jpg	91,75,75	130,123,131	172,163,163	178,52,39	205,182,166	223,205,184	233,217,200	244,236,224	
1929_1.jpg	1929_1.jpg	1929_1.jpg	30,18,19	98,70,63	126,132,123	151,79,66	165,159,157	172,169,107	215,191,184	234,220,223	
1929_2.jpg	1929_2.jpg	1929_2.jpg	93,54,50	105,88,93	134,122,132	164,105,94	183,105,90	201,160,156	203,135,116	242,224,226	
1929_3.jpg	1929_3.jpg	1929_3.jpg	30,27,46	47,51,76	81,55,63	91,80,95	127,117,131	143,104,101	196,170,169	234,220,223	
1929_4.jpg	1929_4.jpg	1929_4.jpg	92,82,66	116,124,132	137,116,86	155,138,110	164,162,157	182,178,173	194,186,174	197,194,191	
1929_5.jpg	1929_5.jpg	1929_5.jpg	130,115,108	136,121,114	171,155,149	201,184,176	202,190,193	216,198,186	218,205,205	227,213,211	
1929_6.jpg	1929_6.jpg	1929_6.jpg	114,117,114	168,186,202	171,171,163	184,202,221	196,189,177	199,213,231	204,197,185	209,205,200	
1929_7.jpg	1929_7.jpg	1929_7.jpg	101,90,83	136,116,100	155,137,120	167,161,161	195,192,193	201,183,168	209,203,202	230,220,216	
1929_8.jpg	1929_8.jpg	1929_8.jpg	115,115,145	146,169,213	158,177,221	175,198,236	176,170,192	177,116,112	206,137,121	217,152,145	
1929_9.jpg	1929_9.jpg	1929_9.jpg	38,38,38	81,63,53	94,93,93	133,115,106	165,162,168	193,187,189	225,218,211	250,245,238	
1930_0.jpg	1930_0.jpg	1930_0.jpg	111,44,38	152,73,53	155,55,43	173,91,76	177,70,56	196,71,58	199,86,75	202,157,146	
1930_1.jpg	1930_1.jpg	1930_1.jpg	96,90,84	125,126,129	161,116,69	164,158,155	165,137,106	200,184,172	205,147,86	232,229,228	
1930_2.jpg	1930_2.jpg	1930_2.jpg	103,73,63	116,133,154	139,88,52	146,114,86	153,162,160	168,148,96	193,195,198	199,172,105	
1930_3.jpg	1930_3.jpg	1930_3.jpg	17,15,18	91,86,94	113,108,117	124,118,130	129,119,127	131,123,135	163,156,164	226,218,225	
1931_0.jpg	1931_0.jpg	1931_0.jpg	46,40,42	102,95,96	130,125,129	143,115,100	161,135,118	167,160,161	194,188,191	206,202,206	
1931_1.jpg	1931_1.jpg	1931_1.jpg	31,18,22	87,67,71	123,128,142	160,163,162	162,81,71	197,196,188	222,183,99	233,227,233	
1931_2.jpg	1931_2.jpg	1931_2.jpg	62,63,49	99,95,98	128,121,138	162,90,75	165,157,162	190,157,103	202,190,185	224,219,222	
1931_3.jpg	1931_3.jpg	1931_3.jpg	64,59,53	104,99,87	106,103,155	135,121,126	155,151,108	161,155,161	200,191,174	233,227,218	
1931_4.jpg	1931_4.jpg	1931_4.jpg	54,46,57	96,89,100	146,132,133	160,152,160	164,176,203	223,178,156	235,222,218	236,203,173	
1931_5.jpg	1931_5.jpg	1931_5.jpg	81,66,58	107,98,89	127,135,125	140,99,96	164,161,163	194,188,191	210,206,210	226,223,231	
1931_6.jpg	1931_6.jpg	1931_6.jpg	79,57,48	176,161,158	177,134,113	196,190,192	203,171,161	206,196,184	212,209,207	230,223,221	
1932_0.jpg	1932_0.jpg	1932_0.jpg	35,27,38	89,62,60	141,119,132	159,104,93	177,134,119	196,105,100	207,174,162	244,225,216	
1932_1.jpg	1932_1.jpg	1932_1.jpg	34,11,15	44,13,17	88,36,35	112,80,74	148,76,71	178,136,116	193,164,163	239,225,234	
1932_2.jpg	1932_2.jpg	1932_2.jpg	31,26,31	81,82,89	85,39,44	119,130,129	152,165,160	192,198,188	213,217,225	246,245,245	
1932_3.jpg	1932_3.jpg	1932_3.jpg	33,37,45	93,95,102	118,120,134	125,131,134	156,159,166	184,189,199	209,211,221	248,248,250	
1932_4.jpg	1932_4.jpg	1932_4.jpg	67,67,85	118,118,137	131,125,139	155,153,172	181,180,201	193,190,209	201,200,217	223,221,235	
1932_5.jpg	1932_5.jpg	1932_5.jpg	16,28,33	86,65,63	119,128,136	144,87,74	164,156,165	180,158,105	195,187,188	211,209,215	
1932_6.jpg	1932_6.jpg	1932_6.jpg	27,24,26	88,77,71	118,136,145	142,98,79	159,162,164	173,148,103	194,190,183	214,216,223	
1933_0.jpg	1933_0.jpg	1933_0.jpg	26,26,30	138,123,127	174,163,169	191,186,192	198,182,183	201,187,198	213,200,207	230,214,222	
1933_1.jpg	1933_1.jpg	1933_1.jpg	43,32,34	85,67,61	88,45,43	104,94,96	135,133,123	143,102,94	164,159,161	198,193,194	
1934_0.jpg	1934_0.jpg	1934_0.jpg	80,79,77	129,128,126	165,164,161	215,214,211	233,233,231	
1934_1.jpg	1934_1.jpg	1934_1.jpg	61,51,42	150,131,109	181,166,150	198,179,154	201,186,170	214,199,180	227,210,186	228,215,201	
1934_2.jpg	1934_2.jpg	1934_2.jpg	23,30,41	71,76,89	125,124,139	160,155,173	179,172,200	195,192,191	199,180,209	220,218,228	
1934_3.jpg	1934_3.jpg	1934_3.jpg	21,27,38	55,67,77	86,98,106	98,118,138	106,141,147	138,113,107	167,168,182	217,210,224	
1935_0.jpg	1935_0.jpg	1935_0.jpg	60,112,143	68,52,50	99,91,92	119,131,133	161,110,93	173,69,43	184,143,96	205,184,169	
1935_1.jpg	1935_1.jpg	1935_1.jpg	35,24,28	85,40,40	91,78,81	121,127,137	162,97,92	198,186,162	200,177,106	238,230,229	
1936_0.jpg	1936_0.jpg	1936_0.jpg	108,110,112	150,155,163	158,174,194	171,176,182	173,186,198	181,195,205	195,195,188	205,208,212	
1936_1.jpg	1936_1.jpg	1936_1.jpg	32,26,35	72,50,61	96,93,103	119,116,136	136,104,124	162,163,167	187,188,196	209,208,213	
1936_2.jpg	1936_2.jpg	1936_2.jpg	34,33,23	75,58,44	88,76,54	101,102,87	128,124,110	144,146,115	161,163,153	214,212,198	
1936_3.jpg	1936_3.jpg	1936_3.jpg	50,44,43	92,100,99	112,144,145	136,135,110	154,101,65	167,163,167	199,188,190	215,208,212	
1936_4.jpg	1936_4.jpg	1936_4.jpg	36,26,33	57,24,25	71,34,35	83,79,90	114,153,167	129,115,140	156,150,176	213,199,220	
1936_5.jpg	1936_5.jpg	1936_5.jpg	70,72,72	115,140,147	135,125,121	168,160,161	199,190,195	200,185,180	211,200,201	232,221,221	
1936_6.jpg	1936_6.jpg	1936_6.jpg	61,54,35	107,107,88	134,133,112	169,172,163	186,192,186	199,199,186	211,212,201	230,230,216	
1936_7.jpg	1936_7.jpg	1936_7.jpg	111,99,106	175,165,170	198,187,192	213,201,206	233,220,226	234,218,217	244,226,220	247,229,228	
1937_0.jpg	1937_0.jpg	1937_0.jpg	66,46,48	107,85,87	124,132,147	143,112,109	162,148,154	174,170,180	202,193,198	203,177,174	
1937_1.jpg	1937_1.jpg	1937_1.jpg	41,31,32	78,56,52	98,88,87	109,106,143	157,110,82	187,147,104	190,164,160	240,228,228	
1937_10.jpg	1937_10.jpg	1937_10.jpg	21,27,29	78,99,94	92,137,114	110,147,153	172,169,111	173,179,172	215,212,208	226,223,220	
1937_11.jpg	1937_11.jpg	1937_11.jpg	33,28,30	80,63,77	106,112,139	142,90,84	191,178,173	193,168,100	213,204,206	228,217,218	
1937_2.jpg	1937_2.jpg	1937_2.jpg	28,18,24	73,68,82	84,101,142	162,163,165	180,87,48	196,195,182	225,190,80	228,223,225	
1937_3.jpg	1937_3.jpg	1937_3.jpg	58,48,47	103,89,87	142,127,129	143,112,110	167,153,156	189,186,199	202,180,176	225,211,213	
1937_4.jpg	1937_4.jpg	1937_4.jpg	34,29,35	58,49,67	95,83,91	132,111,109	170,159,162	200,166,103	209,187,171	222,211,217	
1937_5.jpg	1937_5.jpg	1937_5.jpg	30,24,23	77,65,58	104,93,92	142,128,115	158,106,166	167,152,155	182,123,194	221,208,210	
1937_6.jpg	1937_6.jpg	1937_6.jpg	21,20,22	63,63,82	89,85,150	195,78,67	206,213,174	214,180,75	223,80,52	238,207,82	
1937_7.jpg	1937_7.jpg	1937_7.jpg	28,25,29	43,87,161	82,69,73	116,144,164	147,104,89	157,164,164	183,198,205	214,224,231	
1937_8.jpg	1937_8.jpg	1937_8.jpg	99,80,57	126,128,121	146,114,82	156,90,45	165,141,103	174,163,151	205,156,95	212,195,180	
1937_9.jpg	1937_9.jpg	1937_9.jpg	34,27,28	81,71,68	133,129,142	157,85,67	207,158,89	213,143,141	217,195,185	224,164,154	
1938_0.jpg	1938_0.jpg	1938_0.jpg	40,30,36	70,69,94	78,45,37	116,122,128	162,163,167	186,186,198	212,208,212	227,222,225	
1938_1.jpg	1938_1.jpg	1938_1.jpg	75,92,78	116,134,117	125,144,130	154,171,155	181,199,181	193,209,191	216,231,212	239,250,236	
1938_2.jpg	1938_2.jpg	1938_2.jpg	96,98,85	125,130,117	137,136,121	168,170,158	189,194,182	198,199,186	206,212,202	230,234,225	
1938_3.jpg	1938_3.jpg	1938_3.jpg	12,11,15	35,36,42	52,63,76	93,93,96	109,119,133	114,153,178	158,172,185	230,231,234	
1938_4.jpg	1938_4.jpg	1938_4.jpg	39,37,37	67,62,61	96,92,93	137,130,120	169,163,159	199,192,181	215,210,212	228,221,224	
1938_5.jpg	1938_5.jpg	1938_5.jpg	43,27,28	80,50,45	86,43,32	105,76,70	144,105,105	157,124,131	195,164,169	238,229,232	
1939_0.jpg	1939_0.jpg	1939_0.jpg	91,110,114	113,146,160	146,172,169	151,160,149	170,185,174	180,196,184	206,206,182	208,210,191	
1939_1.jpg	1939_1.jpg	1939_1.jpg	62,49,52	99,96,101	111,119,140	122,131,153	133,122,121	147,147,147	168,174,165	203,203,195	
1939_2.jpg	1939_2.jpg	1939_2.jpg	41,39,39	79,62,55	98,87,82	134,120,116	166,163,167	179,185,205	188,197,217	204,211,228	
1939_3.jpg	1939_3.jpg	1939_3.jpg	27,17,18	83,54,40	98,93,91	133,116,114	164,156,158	199,188,188	222,213,215	228,218,219	
1939_4.jpg	1939_4.jpg	1939_4.jpg	52,42,57	98,89,102	110,114,151	120,141,197	140,116,129	146,163,212	154,152,170	234,224,229	
1939_5.jpg	1939_5.jpg	1939_5.jpg	28,29,38	82,73,73	109,120,148	153,117,82	177,137,93	186,132,60	193,184,185	206,147,89	
1939_6.jpg	1939_6.jpg	1939_6.jpg	41,37,31	75,63,51	94,93,80	125,132,115	149,108,88	181,159,105	210,195,163	245,204,105	
1939_7.jpg	1939_7.jpg	1939_7.jpg	33,46,78	54,64,92	87,114,154	90,139,188	109,169,218	133,114,123	146,180,215	185,195,216	
1939_8.jpg	1939_8.jpg	1939_8.jpg	31,27,30	84,58,52	92,91,89	104,103,101	155,103,86	182,137,118	199,172,162	238,227,222	
1940_0.jpg	1940_0.jpg	1940_0.jpg	55,53,38	101,103,92	126,127,123	156,150,111	163,166,161	182,191,189	208,205,176	213,213,209	
1941_0.jpg	1941_0.jpg	1941_0.jpg	27,34,43	40,66,82	95,94,96	124,126,128	158,158,160	189,191,199	206,208,215	226,224,229	
1941_1.jpg	1941_1.jpg	1941_1.jpg	34,30,32	72,62,57	97,95,97	131,123,121	164,160,161	195,186,184	204,198,186	227,221,214	
1943_0.jpg	1943_0.jpg	1943_0.jpg	22,37,21	50,89,66	89,110,88	94,141,103	99,154,145	112,119,100	160,169,97	192,209,191	
1943_1.jpg	1943_1.jpg	1943_1.jpg	32,31,27	51,51,45	63,65,59	71,69,59	81,83,78	104,107,100	132,131,122	167,165,155	
1943_2.jpg	1943_2.jpg	1943_2.jpg	33,39,42	55,62,64	56,72,83	91,95,96	130,122,113	165,162,157	165,148,111	206,199,192	
1943_3.jpg	1943_3.jpg	1943_3.jpg	27,36,46	39,57,70	54,73,85	82,95,104	100,120,135	121,134,140	167,173,179	217,221,227	
1943_4.jpg	1943_4.jpg	1943_4.jpg	32,8,14	44,8,11	78,37,30	101,81,78	117,127,158	142,111,77	184,162,100	204,194,176	
1944_0.jpg	1944_0.jpg	1944_0.jpg	21,45,84	24,28,38	60,96,141	70,82,90	101,87,50	146,117,61	174,142,74	208,204,186	
1945_0.jpg	1945_0.jpg	1945_0.jpg	49,64,80	84,99,114	93,111,130	105,119,134	120,134,147	130,126,135	146,155,165	208,214,224	
1945_1.jpg	1945_1.jpg	1945_1.jpg	41,43,46	75,68,61	99,92,82	123,127,129	140,104,54	140,117,90	155,134,109	200,194,189	
1945_2.jpg	1945_2.jpg	1945_2.jpg	32,50,56	84,107,105	113,147,144	114,137,124	115,139,115	124,178,194	149,177,169	229,240,233	
1946_0.jpg	1946_0.jpg	1946_0.jpg	80,96,70	121,139,130	155,172,159	182,200,184	195,209,191	203,217,199	215,231,209	227,239,219	
1946_1.jpg	1946_1.jpg	1946_1.jpg	36,42,48	57,66,64	58,70,78	78,92,96	101,123,131	112,145,152	164,184,184	214,224,219	
1946_10.jpg	1946_10.jpg	1946_10.jpg	36,34,36	72,62,57	94,89,90	125,121,134	183,173,168	203,170,87	233,220,209	243,199,87	
1946_11.jpg	1946_11.jpg	1946_11.jpg	34,36,40	57,62,70	92,94,100	124,124,130	165,163,163	194,188,186	203,196,187	212,209,208	
1946_2.jpg	1946_2.jpg	1946_2.jpg	30,24,27	73,57,56	100,90,90	124,131,140	167,159,157	197,191,185	213,208,204	234,228,224	
1946_3.jpg	1946_3.jpg	1946_3.jpg	27,34,30	80,83,55	98,105,90	116,153,155	136,137,108	156,168,161	185,200,194	212,224,222	
1946_4.jpg	1946_4.jpg	1946_4.jpg	47,42,44	65,58,54	95,86,54	102,96,75	127,131,114	137,117,65	159,144,90	221,218,215	
1946_5.jpg	1946_5.jpg	1946_5.jpg	63,63,66	108,131,112	111,152,140	139,172,163	180,220,205	180,145,86	191,220,199	206,158,84	
1946_6.jpg	1946_6.jpg	1946_6.jpg	69,70,61	122,122,109	141,146,116	161,172,150	181,200,153	184,204,171	200,212,177	207,220,202	
1946_7.jpg	1946_7.jpg	1946_7.jpg	83,70,74	85,113,132	165,160,158	202,189,182	216,208,204	229,218,210	236,228,219	244,239,235	
1946_8.jpg	1946_8.jpg	1946_8.jpg	30,103,149	56,139,163	72,62,61	142,114,84	166,143,104	182,182,175	207,208,205	231,227,222	
1946_9.jpg	1946_9.jpg	1946_9.jpg	76,54,52	113,118,142	164,110,67	179,138,95	187,183,193	200,122,55	212,136,59	219,149,79	
1947_0.jpg	1947_0.jpg	1947_0.jpg	66,66,63	87,86,85	111,110,109	131,126,126	162,159,158	195,189,189	211,207,205	236,231,228	
1947_1.jpg	1947_1.jpg	1947_1.jpg	48,112,160	50,68,76	87,147,182	94,107,100	124,136,109	151,165,160	166,196,208	231,232,227	
1947_2.jpg	1947_2.jpg	1947_2.jpg	54,63,60	57,95,143	77,106,147	93,18,18	126,118,124	175,174,172	219,217,214	238,235,232	
1948_0.jpg	1948_0.jpg	1948_0.jpg	50,50,50	64,62,64	87,85,83	113,111,109	132,123,110	135,130,121	158,157,155	197,197,195	
1949_0.jpg	1949_0.jpg	1949_0.jpg	41,17,16	66,60,70	94,102,142	104,83,112	143,101,139	145,149,120	146,88,89	226,206,199	
1950_0.jpg	1950_0.jpg	1950_0.jpg	53,46,48	78,63,56	98,88,87	128,119,130	137,98,56	145,115,95	177,142,111	226,198,162	
1950_1.jpg	1950_1.jpg	1950_1.jpg	10,9,11	45,44,46	92,91,93	135,130,125	162,161,161	197,191,186	215,212,212	249,249,250	
1951_0.jpg	1951_0.jpg	1951_0.jpg	30,36,22	43,71,40	56,92,137	59,68,79	163,43,40	197,186,165	210,169,67	240,236,234	
1951_1.jpg	1951_1.jpg	1951_1.jpg	80,79,77	129,128,126	165,164,161	215,214,211	233,233,231	
1951_2.jpg	1951_2.jpg	1951_2.jpg	18,26,35	48,69,80	83,104,110	105,127,131	177,149,100	206,198,180	207,168,102	224,205,170	
1951_3.jpg	1951_3.jpg	1951_3.jpg	27,24,36	62,54,65	98,89,92	137,135,121	139,116,113	167,159,158	200,188,183	224,219,220	
1951_4.jpg	1951_4.jpg	1951_4.jpg	37,34,38	73,67,60	95,91,92	129,125,130	134,118,100	164,158,161	196,186,189	212,205,209	
1952_0.jpg	1952_0.jpg	1952_0.jpg	60,112,143	68,52,50	99,91,92	119,131,133	161,110,93	173,69,43	184,143,96	205,184,169	
1952_1.jpg	1952_1.jpg	1952_1.jpg	61,59,52	102,99,92	130,125,115	138,133,122	158,153,145	180,177,171	196,192,186	224,221,217	
1952_2.jpg	1952_2.jpg	1952_2.jpg	22,22,20	38,36,26	40,39,34	65,65,59	97,98,97	128,131,126	156,159,155	209,214,205	
1952_3.jpg	1952_3.jpg	1952_3.jpg	33,29,32	100,88,78	132,122,132	139,118,95	151,129,61	179,161,148	182,149,111	196,162,120	
1953_0.jpg	1953_0.jpg	1953_0.jpg	32,33,16	70,57,41	84,88,48	103,104,82	120,130,108	145,147,103	172,73,45	200,199,198	
1953_1.jpg	1953_1.jpg	1953_1.jpg	80,79,77	129,128,126	165,164,161	215,214,211	233,233,231	
1953_2.jpg	1953_2.jpg	1953_2.jpg	28,30,34	78,62,55	97,90,86	118,124,141	141,105,81	161,163,170	184,184,191	228,225,225	
1954_0.jpg	1954_0.jpg	1954_0.jpg	32,27,27	85,48,48	100,90,90	110,150,165	131,137,126	149,51,52	156,163,164	210,204,195	
1954_1.jpg	1954_1.jpg	1954_1.jpg	40,50,67	44,51,87	89,94,104	95,103,138	110,149,167	128,136,120	145,148,147	227,229,230	
1954_2.jpg	1954_2.jpg	1954_2.jpg	20,52,82	62,64,71	141,120,108	168,161,163	193,188,187	213,210,206	226,225,218	236,236,235	
1955_0.jpg	1955_0.jpg	1955_0.jpg	76,62,48	146,115,83	173,165,150	179,149,112	190,191,188	208,181,151	228,207,165	242,237,228	
1956_0.jpg	1956_0.jpg	1956_0.jpg	32,23,23	95,58,43	102,92,91	126,125,131	144,85,66	146,75,50	171,141,91	194,187,185	
1956_1.jpg	1956_1.jpg	1956_1.jpg	47,47,44	73,70,57	97,96,87	121,130,123	133,122,99	142,135,116	160,158,149	204,204,201	
1956_2.jpg	1956_2.jpg	1956_2.jpg	42,55,52	79,98,105	88,102,134	114,142,117	122,157,134	131,150,124	142,170,147	192,206,180	
1958_0.jpg	1958_0.jpg	1958_0.jpg	24,32,27	87,78,58	120,130,117	155,120,74	161,117,52	177,132,58	180,141,80	218,207,189	
1958_1.jpg	1958_1.jpg	1958_1.jpg	44,20,9	83,49,21	113,93,78	115,76,28	150,115,80	153,104,35	185,147,92	222,205,181	
1958_2.jpg	1958_2.jpg	1958_2.jpg	38,39,39	68,65,62	97,95,94	114,118,138	137,129,119	162,159,160	193,188,189	214,211,211	
1958_3.jpg	1958_3.jpg	1958_3.jpg	32,23,28	74,70,89	98,29,35	135,130,133	150,25,32	153,157,171	154,92,82	196,198,209	
1959_0.jpg	1959_0.jpg	1959_0.jpg	26,26,26	44,45,45	78,65,54	96,97,90	122,137,141	134,123,108	162,166,163	197,199,195	
1960_0.jpg	1960_0.jpg	1960_0.jpg	80,79,77	129,128,126	165,164,161	215,214,211	233,233,231	
1960_1.jpg	1960_1.jpg	1960_1.jpg	26,26,26	44,45,45	78,65,54	96,97,90	122,137,141	134,123,108	162,166,163	197,199,195	
1961_0.jpg	1961_0.jpg	1961_0.jpg	38,59,64	84,106,107	104,136,119	115,128,131	116,140,142	116,144,192	150,165,165	201,208,209	
1961_1.jpg	1961_1.jpg	1961_1.jpg	24,53,45	51,88,77	81,110,103	103,140,114	109,130,131	117,144,141	146,167,166	197,210,213	
1961_2.jpg	1961_2.jpg	1961_2.jpg	44,67,64	83,101,102	100,117,139	117,129,122	118,135,150	155,162,168	184,192,197	211,214,215	
1963_0.jpg	1963_0.jpg	1963_0.jpg	35,32,29	52,66,74	91,52,39	102,90,83	106,71,55	123,120,111	169,172,166	220,221,218	
1964_0.jpg	1964_0.jpg	1964_0.jpg	30,36,37	95,102,98	118,133,125	150,144,109	165,169,165	191,195,189	212,212,208	231,230,227	
1964_1.jpg	1964_1.jpg	1964_1.jpg	24,30,37	50,76,104	56,73,91	76,104,139	117,136,142	174,181,173	202,194,86	233,234,234	
1965_0.jpg	1965_0.jpg	1965_0.jpg	60,112,143	68,52,50	99,91,92	119,131,133	161,110,93	173,69,43	184,143,96	205,184,169	
1967_0.jpg	1967_0.jpg	1967_0.jpg	25,27,28	60,69,69	93,100,98	111,143,140	118,131,122	156,162,161	194,199,190	233,235,234	
1967_1.jpg	1967_1.jpg	1967_1.jpg	28,30,27	78,75,52	99,103,99	122,128,123	161,151,103	163,163,155	184,164,80	213,208,193	
1967_2.jpg	1967_2.jpg	1967_2.jpg	87,78,80	135,122,125	156,147,150	181,173,175	196,184,187	200,190,193	212,205,205	230,222,222	
1969_0.jpg	1969_0.jpg	1969_0.jpg	23,22,21	84,57,53	101,95,93	154,134,119	159,97,72	165,159,158	204,182,178	230,225,222	
1969_1.jpg	1969_1.jpg	1969_1.jpg	42,41,45	99,97,100	127,124,130	166,164,166	193,190,192	211,209,209	225,222,222	234,231,232	
1969_2.jpg	1969_2.jpg	1969_2.jpg	39,41,43	64,60,60	91,95,93	118,150,171	119,133,120	141,176,197	152,166,169	208,213,204	
1969_3.jpg	1969_3.jpg	1969_3.jpg	39,40,42	60,64,66	94,95,94	123,144,157	129,129,124	148,151,149	180,179,174	198,196,190	
1970_0.jpg	1970_0.jpg	1970_0.jpg	8,14,15	33,44,44	50,82,55	84,150,76	88,96,93	129,144,126	161,171,164	227,231,228	
1970_1.jpg	1970_1.jpg	1970_1.jpg	76,77,46	94,49,33	100,85,48	102,147,74	165,155,104	169,108,47	198,167,102	202,196,158	
1970_2.jpg	1970_2.jpg	1970_2.jpg	24,20,15	86,79,62	98,144,95	156,87,72	170,160,157	193,163,99	211,191,174	233,227,222	
1970_3.jpg	1970_3.jpg	1970_3.jpg	79,63,45	107,101,87	122,131,116	140,111,78	154,139,112	157,137,57	171,167,151	203,201,187	
1970_4.jpg	1970_4.jpg	1970_4.jpg	34,34,31	75,62,53	95,97,90	115,134,129	152,99,76	185,179,162	186,160,85	224,220,215	
1970_5.jpg	1970_5.jpg	1970_5.jpg	57,57,56	100,129,140	100,97,92	164,164,153	173,111,55	201,150,85	205,181,161	219,210,194	
1970_6.jpg	1970_6.jpg	1970_6.jpg	10,11,39	49,101,148	54,56,72	114,149,165	167,176,179	177,83,24	178,204,217	220,228,228	
1970_7.jpg	1970_7.jpg	1970_7.jpg	30,30,33	67,61,64	92,93,96	145,133,124	153,112,88	159,159,160	196,187,182	221,224,223	
1970_8.jpg	1970_8.jpg	1970_8.jpg	27,27,27	44,87,139	50,61,83	96,97,95	150,138,118	157,107,69	160,163,158	213,216,210	
1970_9.jpg	1970_9.jpg	1970_9.jpg	44,63,71	82,120,137	99,160,184	166,211,219	171,185,176	210,228,221	243,249,237	244,240,213	
1971_0.jpg	1971_0.jpg	1971_0.jpg	113,98,101	169,160,158	186,147,118	211,177,158	212,210,206	218,198,179	227,225,221	227,224,221	
1971_1.jpg	1971_1.jpg	1971_1.jpg	23,28,27	87,94,92	124,132,129	159,171,166	186,198,197	192,197,187	207,213,210	226,229,224	
1971_2.jpg	1971_2.jpg	1971_2.jpg	33,29,26	78,61,51	99,96,92	139,115,108	166,144,113	168,164,159	204,190,178	218,212,208	
1971_3.jpg	1971_3.jpg	1971_3.jpg	28,27,24	78,68,47	95,98,96	127,125,110	158,167,166	176,150,104	178,195,197	217,220,218	
1971_4.jpg	1971_4.jpg	1971_4.jpg	25,27,22	90,92,77	121,134,104	168,168,151	173,162,89	194,189,165	221,211,176	231,228,216	
1971_5.jpg	1971_5.jpg	1971_5.jpg	51,49,38	103,101,89	131,124,107	149,142,115	172,168,153	199,187,171	219,211,178	232,228,219	
1971_6.jpg	1971_6.jpg	1971_6.jpg	57,57,56	100,129,140	100,97,92	164,164,153	173,111,55	201,150,85	205,181,161	219,210,194	
1971_7.jpg	1971_7.jpg	1971_7.jpg	26,24,25	50,103,150	65,68,63	96,90,89	130,112,121	172,160,72	196,188,169	239,235,227	
1971_8.jpg	1971_8.jpg	1971_8.jpg	72,75,61	115,141,88	131,124,117	144,159,114	167,164,152	192,190,165	208,205,181	233,227,209	
1971_9.jpg	1971_9.jpg	1971_9.jpg	44,63,71	82,120,137	99,160,184	166,211,219	171,185,176	210,228,221	243,249,237	244,240,213	
1972_0.jpg	1972_0.jpg	1972_0.jpg	70,79,85	120,136,147	123,125,124	159,164,167	189,195,194	209,211,212	221,224,225	236,238,238	
1972_1.jpg	1972_1.jpg	1972_1.jpg	63,60,58	77,104,137	150,109,89	164,143,114	169,164,153	199,184,165	219,204,176	226,225,218	
1972_2.jpg	1972_2.jpg	1972_2.jpg	38,48,49	97,100,97	108,142,146	131,124,115	163,165,162	192,192,188	208,207,205	227,228,228	
1972_3.jpg	1972_3.jpg	1972_3.jpg	55,52,57	104,102,107	126,124,131	149,144,147	181,178,178	193,191,191	201,199,201	227,222,225	
1972_4.jpg	1972_4.jpg	1972_4.jpg	40,42,34	99,101,91	127,128,109	144,142,117	167,167,151	194,190,167	209,206,179	233,231,210	
1972_5.jpg	1972_5.jpg	1972_5.jpg	10,9,17	31,32,44	61,56,65	94,91,98	147,122,124	163,158,165	195,185,187	216,215,219	
